486	average	31168.0	0
486	rolling	31168.0	0
486	recent	31168.0	0
681	recent	120239.0	1
681	average	120239.0	1
681	rolling	120239.0	1
129	average	154344.0	0
129	recent	154344.0	0
129	rolling	154344.0	0
342	recent	301053.79741923424	20
342	average	313948.41854518634	2077
342	rolling	318814.5703213563	2077
407	recent	406660.0	1
407	rolling	406660.0	1
407	average	406660.0	1
410	average	429256.0	0
313	average	429256.0	0
313	recent	429256.0	0
313	rolling	429256.0	0
410	rolling	429256.0	0
410	recent	429256.0	0
409	recent	438493.6666666667	0
409	average	438493.6666666667	0
408	recent	438493.6666666667	0
408	average	438493.6666666667	0
409	rolling	438493.6666666667	0
408	rolling	438493.6666666667	0
294	average	780636.1423611111	13
294	recent	780636.1423611111	13
295	average	859618.1041666666	13
295	recent	859618.1041666666	13
294	rolling	862388.5052083334	13
8	average	907287.5662391385	1178
30	average	907287.5662391385	1178
8	recent	947079.6416631911	20
30	recent	947079.6416631911	20
295	rolling	957720.9395833333	13
30	rolling	979085.087173098	1178
8	rolling	979085.087173098	1178
198	average	1690676.0	0
198	rolling	1690676.0	0
198	recent	1690676.0	0
692	recent	1787421.2899305555	17
692	average	1787421.373263889	17
692	rolling	2097498.0859375	17
430	rolling	4308084.0	2
430	recent	4569704.5	2
430	average	4569704.5	2
446	rolling	5605887.455357143	13
446	recent	7173534.910714285	13
446	average	7173535.321428572	13
minNrmseAvg	minNrmseAvg	1.257074394002189E7	10138
411	average	3.5042707E7	0
411	recent	3.5042707E7	0
412	average	3.5042707E7	0
412	recent	3.5042707E7	0
412	rolling	3.5042707E7	0
411	rolling	3.5042707E7	0
64	average	7.817234389001825E8	90
53	recent	8.674553033194455E8	0
53	rolling	8.674553033194455E8	0
53	average	8.674553033194455E8	0
59	average	8.908754860901946E8	6584
64	recent	9.035380633812644E8	20
64	rolling	9.035957878794026E8	90
72	average	9.218851318546885E8	6335
24	average	1.0525220822662559E9	623
36	average	1.0897960086958842E9	11051
28	average	1.090337018015279E9	12008
52	average	1.0904281339016054E9	12028
40	average	1.0904467638603373E9	12042
25	average	1.0904585733915312E9	12050
39	average	1.0904705684751318E9	12056
2	average	1.090483907063779E9	12057
12	average	1.0904864751715422E9	12057
21	average	1.090489996569762E9	12058
4	average	1.090489996569762E9	12058
42	average	1.090489996569762E9	12058
45	average	1.090489996569762E9	12058
26	average	1.090489996569762E9	12058
15	average	1.090489996569762E9	12058
3	average	1.090489996569762E9	12058
11	average	1.090503888727697E9	11917
37	average	1.0905081288979075E9	12051
5	average	1.0905449231592233E9	12057
49	average	1.0905449231592233E9	12057
48	average	1.0905449231592233E9	12057
16	average	1.0905655396097033E9	12055
50	average	1.0906104852479365E9	12028
6	average	1.090636499095198E9	11803
13	average	1.0908454991193056E9	11649
54	average	1.0908521248358526E9	11766
47	average	1.0909714590248928E9	11934
19	average	1.0910345070768685E9	11570
9	average	1.0910835350824404E9	11590
32	average	1.1213068530608857E9	11417
24	recent	1.1262484743149354E9	20
24	rolling	1.1640897545541427E9	623
29	average	1.2597141290181296E9	6202
289	average	1.2617384671251278E9	9962
286	average	1.2617384671251278E9	9962
291	average	1.2623267505525541E9	10442
293	average	1.2623267505525541E9	10442
290	average	1.2623267505525541E9	10442
288	average	1.2623267505525541E9	10442
97	average	1.277003315907526E9	8904
642	average	1.2840274798069067E9	2923
27	average	1.3028180522003841E9	1604
41	average	1.31002217186773E9	6855
292	average	1.3484904981452186E9	8176
55	average	1.3716053161605077E9	10138
59	recent	1.3844374980232954E9	20
59	rolling	1.3844501602821164E9	6584
72	recent	1.432317339225655E9	20
72	rolling	1.4323567387006123E9	6335
27	recent	1.4401916285072086E9	20
642	rolling	1.5730691650705793E9	2923
642	recent	1.5746212152376254E9	20
27	rolling	1.5847044937094202E9	1604
29	recent	1.584734571196096E9	20
29	rolling	1.6344063962199051E9	6202
55	rolling	1.6387138877656882E9	10138
55	recent	1.6778430856772523E9	20
41	recent	1.6803811979300597E9	20
6	recent	1.6952187863168724E9	20
47	recent	1.7000854941591835E9	20
9	recent	1.7001486480765324E9	20
54	recent	1.700150529397903E9	20
52	recent	1.7001522696954272E9	20
50	recent	1.7001535687851486E9	20
48	recent	1.700153663609352E9	20
5	recent	1.700153663609352E9	20
49	recent	1.700153663609352E9	20
13	recent	1.704871568095502E9	20
25	recent	1.7049449028096676E9	20
19	recent	1.7049450091442137E9	20
32	recent	1.704945612067432E9	20
11	recent	1.7049496135049384E9	20
28	recent	1.7049516180586283E9	20
16	recent	1.7049519942507992E9	20
40	recent	1.7049520130463085E9	20
37	recent	1.7049520220614254E9	20
39	recent	1.704952023851443E9	20
2	recent	1.7049520286757202E9	20
3	recent	1.704952030311263E9	20
21	recent	1.704952030311263E9	20
15	recent	1.704952030311263E9	20
45	recent	1.704952030311263E9	20
42	recent	1.704952030311263E9	20
4	recent	1.704952030311263E9	20
26	recent	1.704952030311263E9	20
12	recent	1.704952055924864E9	20
36	recent	1.7049676663312743E9	20
13	rolling	1.7344996771151772E9	11649
25	rolling	1.7345263447400634E9	12050
19	rolling	1.7345281179006479E9	11570
32	rolling	1.7345310332280388E9	11417
28	rolling	1.7345330165166152E9	12008
39	rolling	1.7345330716100793E9	12056
40	rolling	1.734533103981005E9	12042
37	rolling	1.7345331060156004E9	12051
12	rolling	1.7345331071973958E9	12057
2	rolling	1.7345331093950083E9	12057
15	rolling	1.734533110625777E9	12058
45	rolling	1.734533110625777E9	12058
4	rolling	1.734533110625777E9	12058
42	rolling	1.734533110625777E9	12058
26	rolling	1.734533110625777E9	12058
21	rolling	1.734533110625777E9	12058
3	rolling	1.734533110625777E9	12058
16	rolling	1.7345333845861077E9	12055
36	rolling	1.734543186558114E9	11051
41	rolling	1.7345450099032757E9	6855
11	rolling	1.7345508093570607E9	11917
47	rolling	1.734610164246976E9	11934
9	rolling	1.7346572064889524E9	11590
52	rolling	1.7346572954297986E9	12028
50	rolling	1.73465898187521E9	12028
5	rolling	1.7346592740415468E9	12057
48	rolling	1.7346592740415468E9	12057
49	rolling	1.7346592740415468E9	12057
6	rolling	1.7346694672989619E9	11803
54	rolling	1.7346749858576338E9	11766
292	recent	1.8363179827647324E9	20
97	recent	1.8409919491129484E9	20
286	recent	1.9570838867436743E9	20
289	recent	1.9570838867436743E9	20
290	recent	1.96848867987708E9	20
288	recent	1.96848867987708E9	20
291	recent	1.96848867987708E9	20
293	recent	1.96848867987708E9	20
97	rolling	2.0076842690383766E9	8904
292	rolling	2.0082807355620623E9	8176
286	rolling	2.00842530735821E9	9962
289	rolling	2.00842530735821E9	9962
290	rolling	2.0084306593508081E9	10442
293	rolling	2.0084306593508081E9	10442
291	rolling	2.0084306593508081E9	10442
288	rolling	2.0084306593508081E9	10442
69	average	3.5705171047614565E9	1082
69	recent	4.789174637167994E9	20
69	rolling	4.789472222678078E9	1082
117	average	8.464721915389982E9	120
117	recent	8.464964386801001E9	20
110	recent	8.6781270755519E9	9
110	average	8.6781270755519E9	9
65	average	9.383616921582615E9	71
117	rolling	9.404335761832596E9	120
110	rolling	9.449082326673298E9	9
65	recent	1.1777985199838554E10	20
65	rolling	1.1778509831112574E10	71
